./wfilebtree_debug 65000 50000 allen-p/deleted_items KEYW/smallkw 1 1Mb 25
billions 963 5214 72 73920 482400
billed 2794 6994 204 74448 475200
bill 4867 9054 333 69168 478800
bil 272 4248 19 73920 446400
biggs 363 4347 26 74976 446400
biehn 370 4306 26 72336 442800
bid 1180 5068 79 69696 439200
bible 225 4136 15 65472 446400
between 4623 8790 302 70224 475200
bethenron 728 4947 49 73392 478800
declines 2519 6569 185 72864 457200
bernstein 703 4529 45 72336 428400
bernard 818 4915 57 71808 464400
bergstrom 267 4442 19 71280 475200
benkeenron 1305 5426 92 71280 468000
benefited 1007 4990 72 71280 450000
benefit 3338 7585 239 73392 482400
ben 1498 5623 104 71808 468000
belowpurpose 710 4855 50 74448 468000
belowparents 98 4080 6 67584 453600
believe 5287 9207 371 70224 442800
beginning 3115 7232 220 74448 464400
begin 3273 7351 225 72864 460800
becoming 778 4882 49 69168 468000
beckinsale 759 4802 54 75504 453600
beckenron 711 4914 49 71280 478800
freedom 68 4168 4 68640 468000
fx 1540 5397 100 69168 435600
funds 385 4077 25 69168 414000
fundraising 164 4230 11 71280 460800
funding 1106 5290 78 72336 475200
fundies 118 4184 6 74976 457200
fund 398 4598 25 74448 475200
functions 1010 5033 72 72864 453600
fun 1165 5332 80 70224 475200
fuel 662 4756 43 74976 460800
front 908 4774 61 73920 432000
friction 179 4253 12 72336 460800
freeway 1255 5329 88 72336 460800
freestanding 279 4482 19 71280 478800
gains 3234 7338 234 69168 468000
freed 998 5111 72 73920 464400
fred 1725 5846 120 74976 464400
fraserenron 827 4842 57 71808 453600
frank 4378 8507 294 72336 468000
francois 98 4238 6 70224 471600
franchise 1404 5445 101 68112 460800
frames 993 5207 72 69168 482400
fox 1213 5334 87 71280 468000
fowlerenron 709 4884 49 71280 475200
four 4575 8671 325 68112 468000
founded 1406 5370 100 72336 446400
foundation 162 4291 11 72336 468000
fosterenron 1049 5245 70 73920 475200
geoff 1498 5572 104 72336 460800
goodellenron 1404 5493 100 70752 464400
