./orionsq_debug 65000 50000 allen-p/deleted_items/ KEYW/smallkw 2 1Mb 25
billions 1796 3567 72 74704 156640
billed 4810 6593 204 71920 160912
bill 8413 10174 333 69136 160912
bil 487 2256 19 64496 166608
biggs 619 2554 26 70528 182272
biehn 625 2473 26 69136 172304
bid 2065 3720 79 72384 143824
bible 412 1994 15 50112 156640
between 8023 9766 302 68208 159488
bethenron 1198 2905 49 66352 156640
declines 4442 6153 185 65424 158064
bernstein 1256 2847 45 68208 139552
bernard 1446 3334 57 74240 172304
bergstrom 461 2173 19 54288 169456
benkeenron 2304 4059 92 64032 165184
benefited 1751 3573 72 74240 163760
benefit 5714 7329 239 72848 138128
ben 2570 4534 104 74240 182272
belowpurpose 1207 3048 50 68208 172304
belowparents 161 1900 6 74704 152368
believe 8907 10802 371 69600 178000
beginning 5180 6887 220 40832 182272
begin 5348 7025 225 70992 148096
becoming 1258 3138 49 76096 169456
beckinsale 1262 3009 54 64496 163760
beckenron 1171 2746 49 51968 153792
freedom 116 1598 4 64032 129584
fx 2557 4232 100 62176 156640
funds 636 2554 25 62640 187968
fundraising 272 2070 11 64032 170880
funding 1854 3533 78 59856 159488
fundies 186 2052 6 72848 170880
fund 640 2339 25 73776 148096
functions 1706 3489 72 67744 165184
fun 2007 3844 80 71920 168032
fuel 1106 2758 43 70528 145248
front 1550 3290 61 66352 160912
friction 298 2139 12 69600 170880
freeway 2080 4037 88 71920 183696
freestanding 452 2376 19 76096 175152
gains 5413 7155 234 76560 150944
freed 1655 3492 72 70528 169456
fred 2880 4717 120 71920 168032
fraserenron 1355 3240 57 65424 180848
frank 7287 8794 294 40368 156640
francois 165 1871 6 74704 148096
franchise 2332 4173 101 68208 172304
frames 1677 3442 72 70992 159488
fox 2054 3902 87 71920 169456
fowlerenron 1188 2752 49 51968 152368
four 7654 9437 325 70528 162336
founded 2339 4285 100 74704 179424
foundation 276 2055 11 70064 162336
fosterenron 1719 3494 70 73776 158064
geoff 2523 4289 104 58464 172304
goodellenron 2371 4208 100 69136 170880
gomezenron 1427 3113 59 63568 156640
gloverenron 1352 3290 57 73776 179424
gloria 1731 3699 73 69136 187968
global 8181 9900 348 62176 162336
glaringly 460 2282 19 72848 165184
gjulie 1259 3154 54 70992 176576
gilbertenron 2581 4429 110 73312 168032
getting 2857 4603 116 77024 150944
ges 458 2314 19 67280 175152
germanyenron 2345 4142 100 69600 165184
gerald 2361 4197 100 76096 163760
georganne 1175 2961 49 76560 156640
forward 12070 13775 505 56144 166608
genia 1348 3280 57 68672 183696
generosity 286 2170 11 72384 173728
generator 1164 2965 50 72848 162336
generation 2021 3775 82 70992 158064
generate 461 2356 19 72384 175152
gave 1267 2919 53 69136 146672
gaskill 117 1979 4 75168 168032
gases 441 2246 19 70528 165184
gas 5740 7646 224 69600 179424
garzaenron 1379 3393 57 75168 187968
gary 2762 4531 116 64496 166608
gandolfini 1243 3218 54 72848 185120
feet 588 2425 24 73312 166608
find 9907 11774 395 68672 175152
financials 1665 3431 72 64032 166608
financial 13107 14890 538 67744 165184
finance 3003 4612 127 64960 145248
final 5650 7473 235 71456 166608
films 3321 5061 139 67744 159488
fill 1284 3157 46 72384 172304
figures 1136 2731 45 63104 145248
fieldhouse 1220 3035 50 71920 165184
field 3163 5133 131 77952 179424
fidelity 127 1642 4 66816 131008
ferriesenron 2406 4232 100 73312 165184
fell 1744 3514 72 60320 170880
fine 777 2404 29 71456 140976
fees 2678 4468 114 68672 165184
fee 7546 9394 309 71920 169456
federal 1870 3729 73 70528 172304
faustaexp 1648 3367 72 56608 168032
faust 1650 3523 72 76560 168032
faster 1686 3380 65 58928 162336
fast 1473 2987 57 73776 123888
farmerenron 1916 3851 81 73312 179424
fall 4024 5887 170 68208 175152
falk 1256 3241 54 77024 182272
fajita 270 1970 11 62640 159488
faithful 313 2299 12 74240 185120
factset 446 2344 19 78416 169456
fluctuations 4216 5977 185 70528 159488
forms 2530 4210 79 77024 142400
formats 1985 3770 85 53824 179424
format 2242 4156 85 69136 180848
forma 4284 5861 185 62176 143824
forget 933 2810 36 72848 172304
forever 536 2371 20 58928 180848
foreign 6473 7922 275 44080 145248
fordenron 1791 3587 73 53824 180848
forbes 453 2253 19 75632 159488
food 279 2113 11 67280 172304
follow 2781 4470 109 69600 150944
focus 6187 8013 261 73312 165184
fly 659 2590 26 71456 180848
gornyenron 1393 3382 57 74704 185120
fluctuation 1696 3479 72 71920 160912
flows 121 1779 4 57072 159488
flow 5867 7639 249 66352 165184
floors 2627 4482 112 74240 168032
