361,11747
467,11747
1029,11747
361,11747
467,11747
1029,11747
361,11747
467,11747
1029,11747
1657,11747
7546 13
7855 13
16799 13
9646 5
15979 13
23184 13
8443 5
7045 13
4980 5
4562 1
7696 13
5292 5
16508 13
5159 5
4658 1
17261 13
15627 13
8766 13
4847 5
8316 13
15556 13
19614 7
9116 1
10035 7
9715 7
10704 6
18618 8
1182 0
620 0
1008 0
4019 2
4021 2
7912 13
3764 2
3369 1
3799 1
3662 2
4025 2
3249 1
4076 2
225 0
3802 3
313 0
242 0
291 0
237 0
3997 1
308 0
376 0
4013 2
4050 1
662 0
1093 0
8729 1
17447 1
3668 1
3605 1
3846 1
4163 1
3775 2
373 0
333 0
189 0
357 0
3717 2
3714 1
3914 3
357 0
380 0
332 0
394 0
